0.8502268093552169
0.739964112550077
0.7195832207076877
0.8525829531789604
0.8809022416212182
0.8392164032897445
0.8029663833173232
0.8069404360546292
0.7690977768460225
0.8603661879968652
0.8701012297737593
0.8032278469795263
0.8272108098581931
0.8279913737723016
0.8742278734524543
0.8408701843597849
0.8570863866235151
0.8335005090936757
0.8480683645081373
0.8614495202625003
0.8065661097652166
0.7908421085464283
0.733401050139466
0.8587499945758877
0.7195590612002492
0.7684277813386658
0.8867992036861639
0.7872181183325023
0.8749178571369867
0.8352993803982117
0.8471924733961342
0.761079966683056
0.770749008050172
0.8176351979378164
0.7499966068839071
0.8299932063545732
0.766117911136632
0.7756736565595869
0.8229208319141642
0.813355048003654
0.8545094066639983
0.8228687859919397
0.7884311328810809
0.8515970754802814
0.8558135562680422
0.7938271372654926
0.7649593829258289
0.7753940411592922
0.7931086144627039
0.85519237796141
0.8469750705643329
0.7923036497382782
0.8360871810503053
0.8244825962179612
0.6590317614522161
0.35289737743060295
