0.8824750677851898
0.879662612992943
0.8802822489431255
0.863181423646756
0.8653348453989483
0.865880678596055
0.8573712331633229
0.8535233739069831
0.858627971407808
0.8507638841898975
0.8561015660652326
0.8389140608222896
0.8411808729108025
0.8586928327418291
0.8268859069073126
0.825987642887943
0.8465641279665478
0.845613400650183
0.8385403287883176
0.8478940488283053
0.838739856398291
0.8344069822076321
0.8476738392888298
0.8405978090779199
0.827883210357824
0.8628543318802019
0.8250941485527294
0.827575296297562
0.814697169623227
0.8305848925010046
0.8414832356309249
0.8504197379619237
0.8351307256878141
0.8390192760093466
0.7968695187637651
0.8404057437600808
0.7938383528469085
