0.7829625238232715
0.8473339738286729
0.8004048037981
0.7456214972475945
0.6706062749449114
0.759938733682877
0.8437667986846288
0.7911672344840305
0.7400053820143039
0.7653142052307897
0.7653175366090363
0.7952247380024045
0.685943822940595
0.8430847520770709
0.8542360475825149
0.770051156592951
0.7792207412244787
0.7880291195072071
0.7171762940436401
0.8139749749180678
0.7219409074320048
0.8509015835516903
0.694986219014423
0.8140135433798127
0.6847212081877476
0.8283399574688278
0.84134268436629
0.8272671294903137
0.7420872468678822
0.7741318678437862
0.8199082514448948
0.7558011015510037
0.7671884941366403
0.8522588920644742
0.7593930495385821
0.7762020082520021
0.763616294999628
0.8510735802109032
0.6718788439763512
0.8629214135686664
0.8219720214834801
0.8372245210857089
0.7097865221094345
0.704460914804426
0.767539044899803
0.7119973291121867
0.6825195961555859
0.8181695491958773
0.7212923709270481
0.851594001565114
0.7300184353268215
0.7493529265361992
0.7697973519098137
0.7872437932353981
0.8341293434071635
0.7234177222724
0.8121089163755398
0.8026572402010533
0.8027194120267529
0.7105985854205229
0.8104871238937009
0.8343942760441891
0.7326131230934319
0.8494084789460559
0.7927183420870136
0.8386826510332368
0.8267283152085402
0.773464385797137
0.704785837167216
0.7302968194312576
0.8208956977243602
0.7528483077980901
0.6858210484458793
0.6811205879810522
0.740364162651656
0.7596695590259198
0.8202986132592204
0.7778891783120595
0.7703952136039022
0.8050878367806577
0.6496097163420816
0.736539574987254
0.856699801845258
0.7355262978854221
0.7409871956073768
0.6427750291661564
0.6834120056241203
0.7334393885874932
0.7409651849161251
0.5121120889587453
0.6782556238300752
0.6989056473103482
0.6999651689991506
0.6913908770776462
0.7852632539368956
0.8208136454375137
0.7220892331848766
0.7247428914082163
0.74371496112473
0.7039122516677062
0.823125222521605
0.5140368281341681
0.6421425865218826
0.5121120889587453
0.692679984154011
0.7713933952697078
0.8159697185384099
0.6862322682857944
0.641398531840408
0.6449307436022294
0.8098678112780113
0.5213474428846999
0.5121120889587453
0.6816925449393595
0.6548484706763839
0.7249875589668878
0.6882233409555717
0.641398531840408
0.510455499906108
0.8197112918909913
0.6430253986961161
0.6891154280707715
0.5126100111337039
0.6433005235625401
0.680131321056453
0.5121120889587453
0.6832337740420446
0.6792479768868308
0.642189800389016
0.6947296588184537
0.6798583140719955
0.7375488609569961
0.6818840416279852
0.6841582804613194
0.6448828048166786
0.645461593297445
0.6830184494782461
0.7780927031940806
0.654920605292359
0.658267679337288
0.645461593297445
0.5249536793707287
0.6674876004535116
0.6674527102001043
0.6540205616951486
0.7234237512640601
0.6584676932250308
0.5522679898758496
0.6086275012504577
0.658930682193649
0.6863833140146137
0.510455499906108
0.5292983959698939
0.6985754907273275
0.7942543016339593
0.7188364554686831
0.8407156109837469
0.6508382078631205
0.6457357680589868
0.7879151116914899
0.5213474428846999
0.7077023833279706
0.6443473883096965
0.7864830506929361
0.5822169919445567
0.7212619242668653
0.5943968021659636
0.7034438903328091
0.5249536793707287
0.8329152789980727
0.625469933781257
0.7659581698620956
0.6518083056409077
0.6446666668881131
0.7554200967706274
0.7008078037149859
0.6462236384612868
0.6863918660202135
0.5292983959698939
0.7430468425642827
0.5292983959698939
0.754627514292375
0.6452599654773807
0.7340749135910946
0.6564822429347295
0.6135696660989325
0.829243204359116
0.6996002964784749
0.7294269095031582
0.7392516528878915
0.6865930051414348
0.7187752712424744
0.7914419276859661
0.6832894879785111
0.7118698048343086
0.7359605834472406
0.7532923378427036
0.764771443689255
0.7965891813942135
0.5292983959698939
0.7284180852451244
0.6242306235361779
0.8160399546927891
0.7144282106043082
0.6757464034078751
0.6554831415710306
0.760806188216368
0.7199507377730301
0.7511578962467387
0.6854678163718048
0.6546946773756954
0.6953808199210859
0.792084531513687
0.7348114886071145
0.7159700408609139
0.6821949137504972
0.6758213656403389
0.6523873599095422
0.6509566416271714
0.510455499906108
0.7249024010512947
0.7018077880603656
0.5531580279678576
0.6713336393399243
0.7185378957081268
0.7225199294441872
0.6820453136109479
0.5578573118426341
0.8003509059013352
0.6997778684904952
0.6118676553564717
0.5224594342544586
0.6302827805776341
0.6114156544200838
0.6929750892224287
0.6981356478395309
0.8049696050469892
0.5292983959698939
0.7175295061523693
0.6958917848067804
0.7859821950371273
0.6520393508782057
0.58642256560903
0.5525508591601861
0.5224594342544586
0.7208770487808404
0.6764027120779732
0.60206705178962
0.6991620221667643
0.7489823759075102
0.5546718622662299
0.7469245301040802
0.6976579926030301
0.6244228858524908
0.7067311406483816
0.6827766209223115
0.6509566416271714
0.7009644305836126
0.5380321392826872
0.7182593372299028
0.7636187761159966
0.6560615470821837
0.7586756405063013
0.5224594342544586
0.6907416301474929
0.5380321392826872
0.6969623999225313
0.7466924623597321
0.7183451518125683
0.6804987704396493
0.7125981252941408
0.7160340489353977
0.6448486523588366
0.7285134643647893
0.5401161777942534
0.6478768829925902
0.6399386240896126
0.6933921838889862
0.6918046675728015
0.5224594342544586
0.7190567221387668
0.6790664337083091
0.5224594342544586
0.6839507542764213
0.7204077456787659
0.6515419357946671
0.75282785324678
0.7346865574576139
0.7023557410903267
0.7087374540682576
0.687853534988659
0.6728525394949546
0.6634291925389256
0.7074075963716631
0.6754001885622671
0.7018303523789547
0.5153660661002731
0.5248656407903942
0.6936298051501347
0.7059902099432959
0.7006553939061635
0.5531580279678576
0.5121120889587453
0.60206705178962
0.6511666841136674
0.6792106510545843
0.5703608038484211
0.6864184006747821
0.6520028404711423
0.5456072647720102
0.5121120889587453
0.686423933771719
0.66442117681282
0.6112171586365767
0.6423255449776506
0.6429095986300265
0.5054304351748606
0.5104174359528939
0.5573693909280897
0.5282593907901728
0.5121120889587453
0.7036537982653863
0.6869589538297617
0.6837198932553908
0.6583881127122421
0.654139908927227
0.6560827417448891
0.6777627332406588
0.7135055342014872
0.701922683878291
0.693687003574332
0.5121120889587453
0.6603114590318521
0.6396598437640437
0.6135696660989325
0.6900818807319514
0.7033470512596689
0.7081460461732783
0.5173283113085807
0.6615948374697925
0.6695965263743623
0.5601962475946016
0.5779264847046234
0.6217902630952797
0.5822169919445567
0.6562716005671884
0.5380321392826872
0.5224594342544586
0.591725507601249
0.6587563879214895
0.5822169919445567
0.5054304351748606
0.6257596945330983
0.5358803604550977
0.6437712580057231
0.6401258580384839
0.5292983959698939
0.6694197464372805
0.5273789893799804
0.6470912108368485
0.6791082783382354
0.6726691757098026
0.6997410114003839
0.6581937988683269
0.6334327580313562
0.6495834191784713
0.5978995663079177
0.5121120889587453
0.5925089670885993
0.5458577655996628
0.6240251805849629
0.6188442761760027
0.587839779154617
0.568207705316522
0.6490490714811734
0.6102423534282975
0.5948034700312074
0.6482086141904675
0.5121120889587453
0.5500855079526391
0.5249536793707287
0.6523843834041465
0.5399154042778503
0.6176287208558159
0.5491305064846087
0.5776921385496795
0.5891876717955382
0.6231892948698665
0.5415759973459431
0.5747825916397502
0.6604884117728288
0.5829474001149578
0.5750848923922363
0.5121120889587453
0.5997146724057485
0.5121120889587453
0.6427750291661564
0.5391097664152
0.6452802484828448
0.548235949579364
0.6494694484326717
0.6271340224267142
0.5140368281341681
0.6655221098383415
0.597417698696203
0.570179154860306
0.5191871920492928
0.6099913854848984
0.5054304351748606
0.5282094219806842
0.6213159740179426
0.5121120889587453
0.601842035569495
0.6213159740179426
0.5696589427633924
0.5391097664152
0.5213474428846999
