0.8322882082015378
0.7835970598080021
0.7970264440983935
0.7166848820430936
0.8443844451779556
0.8361506885528394
0.8059132566025846
0.9511026583567297
0.6705524632555212
0.7705037769087653
0.8739312589584688
0.7689285911900956
0.8288630725009049
0.686314216017694
0.7677537577501082
0.8553821254993264
0.8578229640529758
0.7465428169854894
0.7027568716894036
0.7415203673287832
0.811215635422244
0.8431284774927673
0.7538798019031554
0.8505412547324374
0.8774365503256184
0.8464117524581368
0.693129329191408
0.7334838977694472
0.6967407570661819
0.8120086037479809
0.6623912057164181
0.8129540478563001
0.7819846765565074
0.7999667680867797
0.7553679622808817
0.7592287899011139
0.8434308608367332
0.7382191824720573
0.7042421144817304
0.7922807413809015
0.8065438629726088
0.7996568455737474
0.9308549543895411
